1.757600992506759552e-01
-1.310078744638914494e-01
-5.563492233537484233e-03
1.765491433883226713e-01
2.393741568166914413e-01
-2.107233064960836455e-01
1.606146874338340580e-03
1.663157392174673468e-02
1.133887740078373674e-01
-2.050137238026510100e-01
1.611085335127408064e-02
6.461345740176256680e-02
5.753904901645971043e-02
6.708534626397426315e-02
1.996036195731093130e-02
1.352294923890530465e-01
9.170062835087020026e-02
1.332291247833407577e-01
3.925903922227377135e-02
1.761620407245947928e-01
-1.159405934529623115e-02
-4.314008346710307418e-02
-5.734955302612949890e-02
4.503891279376059931e-03
2.386886140638556919e-02
-3.535414589020417081e-02
2.386886140638556919e-02
-7.894589095598369966e-02
1.954877263124321640e-02
-9.385037270604529303e-02
-1.226833606108450048e-01
-4.472183269105421688e-02
-4.046229434305211037e-02
1.085391825284909711e-01
1.138738123736675462e-01
1.217973011996300592e-01
-1.539241201723373920e-01
2.756570531794619860e-01
1.803480723782104056e-01
7.735619653015689268e-02
1.700228659264833297e-01
7.045085035595746725e-02
1.055844631581955712e-01
-1.221403730796044168e-01
-1.720988551348461848e-01
-1.181676779133792321e-01
1.035971947822671158e-01
-2.719249453065367139e-02
2.681833982214448797e-02
1.830101028633888439e-03
9.955495800663294315e-02
9.563047650024755764e-02
-1.389297265308402918e-01
1.154963370787407025e-02
1.631123557543980029e-01
1.341929591198941785e-01
1.442302088689225437e-01
-5.956124023643919602e-02
1.287102592020376857e-01
1.050342750586462787e-01
-6.128396110825818505e-02
3.535760279608567841e-02
1.933275939214862127e-01
1.602307060855625298e-01
1.300981295815148986e-01
-4.712512989246769868e-02
4.382876454049906001e-01
1.826462167565599815e-01
2.922879964645440642e-01
1.193531319732236556e-01
-6.983932259922341623e-02
2.649960136749954787e-01
1.552418570206582499e-02
7.290301759793426858e-03
1.503769184439453233e-01
-1.247121644485357783e-01
1.083213738440203938e-01
-1.527789405156906311e-01
3.333893352123331461e-02
1.345338074991821176e-01
-5.778652723770937721e-03
6.938400273649859840e-02
1.346842974885396893e-01
-3.318852204422524654e-02
1.059132229593978819e-01
3.377209533460279883e-02
3.713855465310995918e-02
1.193985498825363284e-01
3.142959031418752214e-01
9.813555707639079473e-02
2.436589908235911039e-01
1.247382320184278401e-02
-9.289855619682842180e-02
9.637554854511799773e-02
4.682053482097715130e-02
1.424529130317813141e-01
4.055419485567393068e-01
5.542049397190830506e-02
2.594474648507444012e-02
4.202007586186825572e-01
1.222816806297096631e-01
-4.052199043357425368e-02
2.076398899071464355e-01
8.502358723012451436e-02
9.201222887667971639e-02
1.325743132732344343e-01
1.030717258492589439e-01
-2.107233064960836455e-01
9.500399046192430086e-02
-1.369483512992929197e-01
1.071428778082334221e-01
2.855042423513058300e-03
-3.612779093924248230e-02
1.545681995002362065e-02
-1.582627833495361680e-01
1.123728543602566243e-01
2.662797933579363896e-02
5.848196384425180527e-02
3.231379709039149117e-02
-1.417997412460831885e-01
-4.078919418960525595e-02
-2.431791182940557655e-03
-8.349521605106154098e-02
9.793641153347498740e-02
-6.647868489564334737e-02
1.486996726584910167e-01
1.095245177276722714e-01
9.411309835600342732e-02
2.119990993639825350e-01
6.977707188026158192e-02
-1.123140620884175156e-01
2.099079994284857031e-01
-6.983932259922341623e-02
9.310799606802732872e-03
2.718528070463914759e-01
-1.310016205271419820e-01
2.217115340995082923e-02
1.938493001421534301e-01
1.205990398201478228e-02
3.381593593606138648e-02
1.079909032689353315e-01
1.247213512094004217e-01
1.001805906069453689e-01
4.512817536279822850e-01
-1.987783510373163781e-02
9.191820600302308408e-02
4.146852752767523492e-02
2.875773290845154984e-01
-5.577948446871860977e-02
1.607551178071744413e-01
9.394955230767856880e-02
1.587959701344061059e-01
1.101554885340811363e-01
1.792676838162016173e-01
1.871787462584259820e-01
1.138738123736675462e-01
8.689823035342279789e-02
-4.935503446916723186e-03
3.088642343683026259e-02
3.669183863732358719e-02
1.225683786467312575e-01
-9.447417938715113594e-02
6.475484051031997479e-02
1.207171026122447616e-01
-1.058064375830480852e-01
1.740964083289141540e-01
9.988315123083028879e-02
1.874831585012137480e-01
3.333893352123331461e-02
1.010744067671068974e-01
1.410027082910469409e-01
1.028668392402752457e-01
-1.254028223553829424e-01
1.464284682683232031e-01
1.445749276107591297e-01
7.710608643966958275e-02
-1.987783510373163781e-02
4.055419485567393068e-01
4.515388552290541813e-02
1.623741803353127289e-01
1.233521003419443297e-02
1.530997523244050085e-01
1.303624087305076118e-01
8.338079075866926260e-02
4.630667831630624898e-01
1.861198504757752836e-01
1.238305120318239499e-01
5.789326554945444653e-02
-3.954828534315688732e-02
1.287102592020376857e-01
9.949140476125148402e-02
2.195612304673530413e-02
3.142320421631347727e-01
-1.159405934529623115e-02
1.830096679286002948e-01
2.517559591597163249e-01
5.016750001386875019e-02
2.400613794771419840e-01
-1.427073172765808695e-01
9.118879300882763717e-02
1.393879545445569634e-01
1.663704450364273668e-01
4.581682497741162291e-02
1.732839469979119973e-01
4.416931003473999889e-02
1.776022861944404063e-02
9.551096882520296316e-02
2.560742959917045591e-01
-2.337524719244462798e-02
9.963090895089767030e-02
2.465106137474185055e-02
2.051753751404855608e-01
1.254988115020595485e-01
1.018557027662127523e-01
-5.691438799242318908e-02
6.460678467686806203e-02
2.763443915236255682e-03
1.393078552144776938e-01
-4.702490593238126820e-02
-1.475079579762625381e-02
1.731002565548981909e-01
5.059649517835236587e-02
1.845705311978323993e-01
2.842255964572199672e-02
1.382503238432383486e-01
1.472074551209284488e-01
6.529989612092826010e-03
-1.954651309979070842e-02
6.385931069855564635e-02
-9.929704986008297540e-02
4.883176597303868216e-01
1.252579476502056754e-01
5.441590313247290228e-02
-1.033015566493887399e-01
6.898607177701188142e-02
-6.701570434277172306e-02
2.842255964572199672e-02
-1.853138229965958783e-02
2.099833606347660253e-01
-1.581397325845001478e-01
-5.555275475134485719e-03
-1.942241577730507637e-02
3.165675718370926095e-01
7.517238934775569148e-02
8.932327550067939437e-02
1.156315977739765244e-01
-8.568942831704616514e-02
1.043389527730704119e-01
1.358288278753634892e-01
9.949140476125148402e-02
9.207954224946277022e-02
1.139379320088047681e-01
3.111128284419256707e-02
1.390453602009311673e-01
-9.603423429915826370e-02
-6.415795589363107454e-02
8.249839132005305775e-02
1.753478058877136758e-01
1.637694438373776817e-01
1.632833044104324560e-02
-2.191103442861845260e-02
-4.430614218073263000e-02
-1.554059340989187576e-01
-6.309149561739718637e-02
8.904808815320350290e-02
5.065021137719349226e-02
1.252620132613516957e-01
1.258809649846956702e-01
1.115622924003810829e-01
2.645340704935022491e-01
1.761131861243539765e-01
3.660903807050167047e-02
1.115622924003810829e-01
-1.181676779133792321e-01
4.682053482097715130e-02
6.062052279880261740e-02
1.061109236903865216e-01
1.139050203225422664e-01
1.001805906069453689e-01
7.561712583512925079e-02
1.674265055455149975e-02
2.484536758679155022e-01
5.515717450932691723e-02
2.587526505792654974e-01
-8.262138806877282471e-03
2.723295200945563543e-01
-3.952372846680564378e-02
2.951091371372679406e-01
1.418418160220918656e-01
-1.434979344781282251e-01
4.606319295677809705e-02
2.360235909752557704e-01
3.842430787321231556e-01
2.597300598268415528e-01
-1.853138229965958783e-02
9.663101550758133873e-02
2.679337806755596740e-01
6.966680332940440590e-02
2.571602101404455443e-01
-9.564812610136250171e-02
